Reacoes de apoio [N]
[[ 115.70585935]
 [  74.84466697]
 [-115.70672774]
 [  74.84866878]]

Deslocamentos [m]
[[-9.73759834e-06]
 [-5.56485181e-04]
 [ 1.41699431e-05]
 [-5.53999676e-04]
 [-4.86973953e-06]
 [-3.55464351e-04]
 [ 7.08497157e-06]
 [-3.41491051e-04]
 [ 4.16915262e-05]
 [-5.60512436e-04]
 [-4.19611837e-05]
 [-5.59237779e-04]
 [ 9.17253239e-05]
 [-3.59212560e-04]
 [-9.00865411e-05]
 [-3.41522308e-04]]

Deformacoes []
[[-5.26458327e-05]
 [-5.26255007e-05]
 [ 2.98844269e-04]
 [-7.65942872e-05]
 [-7.65942872e-05]
 [-1.10452156e-03]
 [-1.23844906e-03]
 [-1.04565887e-03]
 [-1.23416097e-03]
 [-1.08486611e-03]
 [-4.80885154e-07]
 [-5.23810316e-05]
 [-4.02725523e-05]
 [-5.07157907e-07]
 [ 2.99477268e-04]
 [ 3.26048243e-04]
 [-1.73972358e-04]
 [-1.73963576e-04]]

Forcas internas [N]
[[-6.31749993e+00]
 [-6.31506008e+00]
 [ 3.58613122e+01]
 [-9.19131447e+00]
 [-9.19131447e+00]
 [-1.32542587e+02]
 [-1.48613887e+02]
 [-1.25479065e+02]
 [-1.48099317e+02]
 [-1.30183933e+02]
 [-5.77062185e-02]
 [-6.28572379e+00]
 [-4.83270627e+00]
 [-6.08589488e-02]
 [ 3.59372722e+01]
 [ 3.91257892e+01]
 [-2.08766830e+01]
 [-2.08756291e+01]]

Tensoes internas [Pa]
[[-2.10583331e+05]
 [-2.10502003e+05]
 [ 1.19537707e+06]
 [-3.06377149e+05]
 [-3.06377149e+05]
 [-4.41808623e+06]
 [-4.95379622e+06]
 [-4.18263549e+06]
 [-4.93664390e+06]
 [-4.33946444e+06]
 [-1.92354062e+03]
 [-2.09524126e+05]
 [-1.61090209e+05]
 [-2.02863163e+03]
 [ 1.19790907e+06]
 [ 1.30419297e+06]
 [-6.95889432e+05]
 [-6.95854302e+05]]